190.704844 3379
190.738138 3379
190.771446 3379
190.804755 3379
190.838059 3379
190.871369 3379
190.904678 3379
190.937989 3379
190.971295 3379
191.004604 3379
191.037910 3379
191.071225 3379
191.104526 3379
191.137835 3379
191.171146 3379
191.204457 3379
191.237762 3379
191.271071 3379
191.304377 3379
191.337699 3379
191.370991 3379
191.404299 3379
191.437609 3379
191.470916 3379
191.504230 3379
191.537537 3379
191.570844 3379
191.604157 3379
191.637461 3379
191.670783 3379
191.704080 3379
191.737390 3379
191.770695 3379
191.804001 3379
191.837313 3379
191.870625 3379
191.903929 3379
191.937233 3379
191.970545 3379
192.003849 3379
192.037158 3379
192.070470 3379
192.103776 3379
192.137088 3379
192.170399 3379
192.203776 3379
192.237016 3379
192.270319 3379
192.303626 3379
192.336933 3379
192.370241 3379
192.403556 3379
192.436861 3379
192.470167 3379
192.503475 3379
192.536784 3479
192.570093 3479
192.603405 3580
192.636709 3580
192.670020 3580
192.703326 3580
192.736636 3580
192.769940 3580
192.803277 3580
192.836561 3580
192.869868 3580
192.903176 3580
192.936487 3580
192.969793 3580
193.003101 3580
193.036412 3580
193.069716 3580
193.103029 3580
193.136358 3580
193.169642 3580
193.202950 3580
193.236262 3580
193.269568 3580
193.302877 3580
193.336193 3580
193.369492 3580
193.402803 3580
193.436137 3580
193.469417 3580
193.502725 3580
193.536036 3580
193.569343 3580
193.602651 3479
193.635960 3479
193.669267 3479
193.702578 3479
193.735884 3479
193.769191 3479
193.802499 3379
193.835808 3379
193.869129 3293
193.902424 3293
193.935736 3293
193.969044 3293
194.002351 3293
194.035666 3293
194.068970 3293
194.102277 3293
194.135585 3293
194.168894 3293
194.202201 3293
194.235508 3293
194.268816 3293
194.302126 3293
194.335436 3293
194.368741 3293
194.402059 3293
194.435361 3293
194.468669 3293
194.501975 3293
194.535286 3293
194.568589 3293
194.601904 3293
194.635211 3293
194.668521 3293
194.701826 3293
194.735133 3379
194.768441 3379
194.801751 3379
194.835059 3379
194.868367 3379
194.901675 3379
194.934984 3379
194.968293 3379
195.001600 3379
195.034914 3379
195.068217 3379
195.101525 3379
195.134837 3379
195.168142 3293
195.201450 3293
195.234758 3293
195.268070 3293
195.301377 3293
195.334684 3293
195.367993 3293
195.401299 3293
195.434610 3293
195.467919 3293
195.501227 3293
195.534535 3293
195.567842 3293
195.601151 3293
195.634457 3293
195.667767 3293
195.701074 3293
195.734381 3293
195.767690 3293
195.801001 3293
195.834309 3293
195.867617 3293
195.900927 3293
195.934233 3293
195.967561 3293
196.000850 3293
196.034156 3293
196.067467 3293
196.100774 3379
196.134084 3379
196.167393 3479
196.200700 3479
196.234012 3479
196.267315 3479
196.300626 3479
196.333932 3479
196.367240 3479
196.400550 3479
196.433862 3479
196.467166 3479
196.500479 3479
196.533786 3479
196.567095 3479
196.600399 3479
196.633708 3479
196.667019 3479
196.700326 3479
196.733632 3479
196.766942 3479
196.800254 3479
196.833559 3479
196.866865 3479
196.900175 3479
196.933482 3479
196.966794 3479
197.000099 3479
197.033407 3479
197.066718 3479
197.100066 3479
197.133331 3479
197.166661 3479
197.199950 3479
197.233260 3479
197.266572 3479
197.299881 3479
197.333180 3479
197.366491 3479
197.399799 3479
197.433108 3479
197.466419 3479
197.499733 3479
197.533032 3479
197.566339 3479
197.599652 3479
197.632959 3479
197.666269 3479
197.699575 3479
197.732883 3479
197.766191 3479
197.799501 3479
197.832806 3479
197.866118 3479
197.899424 3479
197.932733 3479
197.966042 3379
197.999351 3379
198.032657 3379
198.065970 3379
198.099275 3379
198.132582 3379
198.165891 3379
198.199198 3379
198.232511 3379
198.265823 3379
198.299126 3379
198.332432 3379
198.365741 3293
198.399049 3293
198.432359 3207
198.465667 3207
198.498974 3121
198.532291 3121
198.565590 3035
198.598897 3035
198.632207 2949
198.665514 2949
198.698823 2864
198.732140 2864
198.765439 2792
198.798748 2792
198.832057 2706
198.865368 2706
198.898674 2634
198.931981 2634
198.965302 2563
198.998600 2563
199.031908 2491
199.065214 2491
199.098524 2434
199.131834 2434
199.165141 2362
199.198449 2362
199.231759 2291
199.265067 2291
199.298373 2233
199.331679 2233
199.365001 2176
199.398298 2176
199.431606 2119
199.464916 2119
199.498225 2062
199.531534 2062
199.564841 2004
199.598148 2004
199.631455 1947
199.664769 1947
199.698073 1890
199.731384 1890
199.764688 1847
199.797999 1847
199.831308 1790
199.864616 1790
199.897925 1747
199.931233 1747
199.964538 1689
199.997872 1689
200.031156 1646
200.064466 1646
200.097774 1603
200.131082 1603
200.164392 1560
200.197700 1560
200.231005 1560
200.264315 1517
200.297627 1517
200.330932 1517
200.364245 1517
200.397547 1517
200.430856 1517
200.464165 1474
200.497475 1474
200.530780 1432
200.564090 1432
200.597397 1432
200.630709 1432
200.664013 1432
200.697325 1432
200.730633 1432
200.763939 1432
200.797249 1389
200.830556 1389
200.863864 1360
200.897172 1360
200.930482 1360
200.963790 1360
200.997098 1360
201.030409 1360
201.063717 1360
201.097021 1360
201.130329 1360
201.163639 1360
201.196948 1360
201.230259 1360
201.263565 1360
201.296874 1360
201.330180 1360
201.363489 1360
201.396798 1360
201.430104 1360
201.463414 1360
201.496722 1360
201.530049 1360
201.563339 1360
201.596645 1360
201.629960 1360
201.663264 1360
201.696573 1360
201.729884 1360
201.763189 1360
201.796539 1360
201.829806 1360
201.863120 1360
201.896422 1360
201.929731 1389
201.963036 1389
201.996348 1389
202.029656 1389
202.062964 1389
202.096271 1389
202.129579 1389
202.162888 1389
202.196199 1389
202.229504 1389
202.262821 1389
202.296131 1389
202.329428 1389
202.362740 1389
202.396046 1389
202.429357 1389
202.462665 1389
202.495973 1389
202.529280 1389
202.562590 1389
202.595897 1389
202.629207 1389
202.662515 1389
202.695843 1389
202.729129 1389
202.762437 1389
202.795750 1389
202.829055 1360
202.862361 1360
202.895671 1317
202.928983 1317
202.962289 1317
202.995599 1317
203.028907 1317
203.062217 1317
203.095523 1317
203.128829 1317
203.162140 1317
203.195449 1317
203.228756 1317
203.262063 1317
203.295374 1317
203.328682 1317
203.361989 1317
203.395297 1317
203.428607 1317
203.461918 1317
203.495219 1317
203.528531 1317
203.561839 1317
203.595147 1317
203.628457 1317
203.661769 1317
203.695073 1317
203.728381 1317
203.761687 1317
203.794996 1317
203.828306 1317
203.861614 1317
203.894923 1317
203.928233 1317
203.961538 1317
203.994846 1317
204.028156 1317
204.061463 1317
204.094774 1360
204.128081 1360
204.161389 1389
204.194698 1389
204.228002 1389
204.261313 1389
204.294619 1389
204.327930 1389
204.361239 1389
204.394546 1389
204.427856 1389
204.461167 1389
204.494472 1389
204.527780 1389
204.561088 1389
204.594398 1389
204.627703 1389
204.661014 1432
204.694322 1432
204.727631 1474
204.760937 1474
204.794248 1517
204.827553 1517
204.860867 1517
204.894171 1517
204.927479 1517
204.960787 1517
204.994095 1517
205.027407 1560
205.060712 1560
205.094021 1603
205.127327 1603
205.160638 1646
205.193947 1646
205.227258 1689
205.260562 1689
205.293873 1747
205.327181 1747
205.360490 1790
205.393795 1790
205.427106 1847
205.460412 1847
205.493723 1890
205.527039 1890
205.560340 1890
205.593645 1890
205.626955 1890
205.660265 1890
205.693573 1890
205.726881 1947
205.760187 1947
205.793498 2004
205.826805 2004
205.860112 2004
205.893419 2004
205.926728 2004
205.960062 2004
205.993347 2004
206.026656 2004
206.059962 2004
206.093274 2004
206.126581 2004
206.159890 2062
206.193201 2062
206.226507 2062
206.259813 2062
206.293123 2062
206.326429 2062
206.359738 2062
206.393046 2119
206.426354 2119
206.459660 2233
206.492970 2233
206.526280 2362
206.559585 2362
206.592898 2434
206.626208 2434
206.659511 2491
206.692818 2491
206.726131 2491
206.759435 2491
206.792746 2491
206.826053 2491
206.859361 2491
206.892671 2491
206.925979 2491
206.959291 2491
206.992596 2491
207.025903 2491
207.059216 2491
207.092525 2491
207.125829 2563
207.159142 2563
207.192446 2634
207.225753 2634
207.259065 2706
207.292371 2706
207.325681 2706
207.358987 2706
207.392297 2706
207.425602 2706
207.458911 2706
207.492221 2706
207.525529 2706
207.558837 2792
207.592145 2792
207.625455 2792
207.658762 2792
207.692073 2792
207.725379 2792
207.758685 2792
207.791994 2792
207.825303 2792
207.858646 2792
207.891920 2792
207.925231 2864
207.958539 2864
207.991848 2864
208.025155 2864
208.058464 2864
208.091770 2864
208.125080 2864
208.158390 2864
208.191695 2864
208.225002 2864
208.258312 2864
208.291623 2949
208.324932 2949
208.358236 2949
208.391546 2949
208.424856 2949
208.458170 2949
208.491468 2949
208.524775 2949
208.558089 2949
208.591398 3035
208.624702 3035
208.658034 3035
208.691319 3035
208.724630 3035
208.757934 3035
208.791246 3035
208.824553 3035
208.857864 3035
208.891170 3035
208.924479 3035
208.957787 3035
208.991094 3035
209.024405 3035
209.057716 3035
209.091018 3035
209.124329 3035
209.157662 3035
209.190944 3035
209.224257 3035
209.257560 3035
209.290869 3035
209.324179 3121
209.357491 3121
209.390796 3207
209.424105 3207
209.457412 3207
209.490731 3207
209.524027 3207
209.557336 3207
209.590646 3207
209.623951 3207
209.657268 3293
209.690570 3293
209.723878 3379
209.757185 3379
209.790495 3379
209.823801 3379
209.857113 3379
209.890418 3379
209.923728 3379
209.957039 3379
209.990345 3379
210.023657 3379
210.056961 3379
210.090271 3379
210.123578 3379
210.156886 3293
210.190195 3293
210.223503 3207
210.256810 3207
210.290119 3121
210.323428 3121
210.356737 3121
210.390084 3121
210.423356 3121
210.456663 3121
210.489969 3121
210.523321 3121
210.556586 3121
210.589893 3121
210.623203 3121
210.656517 3121
210.689819 3121
210.723128 3121
210.756433 3121
210.789744 3121
210.823052 3121
210.856362 3121
210.889674 3121
210.922976 3121
210.956284 3121
210.989593 3121
211.022900 3121
211.056208 3121
211.089516 3121
211.122824 3121
211.156133 3121
211.189441 3035
211.222751 3035
211.256058 3035
211.289367 3035
211.322674 3035
211.355982 3035
211.389292 3035
211.422601 3035
211.455910 3035
211.489216 3035
211.522525 3035
211.555833 3035
211.589142 3035
211.622451 3035
211.655760 3035
211.689068 3035
211.722375 3035
211.755684 3035
211.788992 3035
211.822300 3035
211.855609 3035
211.888918 3035
211.922225 3121
211.955534 3121
211.988842 3121
212.022150 3121
212.055460 3121
212.088767 3121
212.122076 3121
212.155384 3121
212.188691 3121
212.222001 3121
212.255308 3121
212.288617 3121
212.321926 3121
212.355234 3121
212.388541 3121
212.421850 3121
212.455185 3121
212.488467 3121
212.521773 3121
212.555084 3121
212.588392 3121
212.621699 3121
212.655009 3121
212.688315 3121
212.721624 3121
212.754932 3121
212.788240 3121
212.821549 3121
212.854858 3121
212.888167 3121
212.921474 3121
212.954783 3121
212.988092 3121
213.021407 3121
213.054708 3121
213.088015 3121
213.121325 3121
213.154633 3121
213.187941 3121
213.221249 3121
213.254558 3121
213.287866 3121
213.321174 3121
213.354484 3121
213.387794 3121
213.421099 3121
213.454408 3121
213.487717 3121
